0 10
0.03 10.3
0.06 10.6
0.09 10.9
0.12 11.2
0.15 11.5
0.18 11.8
0.21 12.1
0.24 12.4
0.27 12.7
0.3 13
0.33 13.3
0.36 13.6
0.39 13.9
0.42 14.2
0.45 14.5
0.48 14.8
0.51 15.1
0.54 15.4
0.57 15.7
0.6 16
0.63 16.3
0.66 16.6
0.69 16.9
0.72 17.2
0.75 17.5
0.78 17.8
0.81 18.1
0.84 18.4
0.87 18.7
0.9 19
0.93 19.3
0.96 19.6
0.99 19.9
1.02 20.24
1.05 20.6
1.08 20.96
1.11 21.32
1.14 21.68
1.17 22.04
1.2 22.4
1.23 22.76
1.26 23.12
1.29 23.48
1.32 23.84
1.35 24.2
1.38 24.56
1.41 24.92
1.44 25.28
1.47 25.64
1.5 26
1.53 26.36
1.56 26.72
1.59 27.08
1.62 27.44
1.65 27.8
1.68 28.16
1.71 28.52
1.74 28.88
1.77 29.24
1.8 29.6
1.83 29.96
1.86 30.32
1.89 30.68
1.92 31.04
1.95 31.4
1.98 31.76
2.01 31.68
2.04 30.72
2.07 29.76
2.1 28.8
2.13 27.84
2.16 26.88
2.19 25.92
2.22 24.96
2.25 24
2.28 23.04
2.31 22.08
2.34 21.12
2.37 20.16
2.4 19.2
2.43 18.24
2.46 17.28
2.49 16.32
2.52 15.36
2.55 14.4
2.58 13.44
2.61 12.48
2.64 11.52
2.67 10.56
2.7 9.6
2.73 8.64
2.76 7.68
2.79 6.72
2.82 5.76
2.85 4.8
2.88 3.84
2.91 2.88
2.94 1.92
2.97 0.96
3 0
#END#
