2.29174e-16 1.66505e-16 1
0.0369309 0.0241832 0.999025
0.0756321 0.0450463 0.996118
0.115458 0.0631273 0.991304
0.155875 0.0789946 0.984613
0.196447 0.0932239 0.976073
0.236815 0.106379 0.965713
0.27668 0.118999 0.953566
0.315785 0.131585 0.939662
0.353907 0.144597 0.924036
0.39084 0.158443 0.906719
0.42639 0.173479 0.887748
0.460367 0.190001 0.867157
0.49258 0.20825 0.844983
0.522838 0.228404 0.821263
0.550945 0.25058 0.796034
0.576706 0.274833 0.769335
0.599929 0.30116 0.741207
0.620427 0.329494 0.711691
0.638026 0.359716 0.680828
0.65257 0.39165 0.648663
0.663926 0.42507 0.615238
0.671991 0.459707 0.580602
0.676696 0.495252 0.5448
0.678016 0.531365 0.507883
0.675968 0.56768 0.4699
0.670617 0.603815 0.430906
0.662079 0.63938 0.390954
0.65052 0.673983 0.350101
0.636154 0.707243 0.308407
0.619231 0.738801 0.265945
0.599989 0.768345 0.222844
0.578693 0.795604 0.179247
0.55564 0.82034 0.135301
0.531155 0.842356 0.0911593
0.505581 0.861499 0.0469725
0.479273 0.877661 0.00289269
0.452592 0.890778 -0.0409298
0.425896 0.900832 -0.0843479
0.399534 0.907848 -0.127218
0.373841 0.911891 -0.169404
0.349128 0.913063 -0.210775
0.325685 0.911496 -0.251207
0.303768 0.90735 -0.290586
0.283584 0.900811 -0.328815
0.264904 0.892137 -0.365946
0.247104 0.881592 -0.402163
0.229554 0.869351 -0.437646
0.211651 0.855506 -0.47256
0.192835 0.840065 -0.507056
0.172604 0.822948 -0.541263
0.150529 0.803982 -0.575286
0.126282 0.782895 -0.609203
0.099661 0.759305 -0.643058
0.0706204 0.732717 -0.676859
0.0393184 0.70253 -0.710567
0.00616585 0.668046 -0.744095
-0.0281142 0.628508 -0.777295
-0.062422 0.583163 -0.809954
-0.0949001 0.531587 -0.841671
-0.122442 0.474631 -0.871627
-0.142376 0.414055 -0.899048
-0.153045 0.352155 -0.923344
-0.153928 0.291433 -0.944126
-0.145616 0.234223 -0.961216
-0.12964 0.182375 -0.974645
-0.108202 0.137052 -0.984637
-0.0838648 0.0986886 -0.991578
-0.0592565 0.0671131 -0.995984
-0.0368346 0.0418082 -0.998446
-0.018694 0.0222707 -0.999577
-0.00637483 0.00840925 -0.999944
-0.000579097 0.000902689 -0.999999
-0.000667641 0.0013446 -0.999999
-0.00372035 0.011185 -0.999931
-0.00480813 0.0306715 -0.999518
0.00183442 0.0583178 -0.998296
0.0216095 0.0901762 -0.995691
0.0580842 0.119859 -0.99109
0.11167 0.139488 -0.983907
0.178985 0.141397 -0.973638
0.253275 0.120094 -0.959911
0.325892 0.0737978 -0.942522
0.388435 0.00501335 -0.921462
0.43486 -0.0800648 -0.896932
0.462922 -0.173052 -0.869342
0.474591 -0.265196 -0.839306
0.475443 -0.348868 -0.807617
0.472938 -0.419022 -0.77508
0.473102 -0.474886 -0.742063
0.479919 -0.517044 -0.708762
0.495642 -0.546171 -0.675305
0.521051 -0.562716 -0.64176
0.55572 -0.566864 -0.608145
0.598265 -0.558667 -0.57443
0.646593 -0.538259 -0.54055
0.698155 -0.506098 -0.506404
0.75022 -0.463157 -0.471863
0.800163 -0.411055 -0.436776
0.845733 -0.352078 -0.400969
0.885285 -0.289119 -0.364254
0.91792 -0.22554 -0.326429
0.943543 -0.164895 -0.287291
0.962889 -0.109177 -0.24683
0.976953 -0.0587709 -0.205207
0.986594 -0.013812 -0.162606
0.992534 0.0257325 -0.119222
0.995355 0.0600289 -0.0752599
0.99552 0.0893501 -0.0309302
0.993382 0.114054 0.0135507
0.989208 0.134564 0.0579648
0.983193 0.151356 0.102095
0.975479 0.16494 0.145728
0.96617 0.175853 0.188656
0.95535 0.184645 0.23068
0.943086 0.191871 0.271613
0.929446 0.198077 0.311279
0.91447 0.203791 0.349591
0.898092 0.20949 0.38671
0.880182 0.2156 0.422843
0.860561 0.222488 0.458185
0.839003 0.230453 0.492916
0.815232 0.23971 0.527196
0.788928 0.250373 0.561164
0.759724 0.262438 0.594933
0.727216 0.275756 0.628582
0.690974 0.290007 0.662156
0.650567 0.30467 0.695657
0.6056 0.318989 0.729037
0.555765 0.331946 0.762192
0.500919 0.34224 0.794954
0.441242 0.34825 0.827059
0.378296 0.347816 0.857856
0.314846 0.339115 0.886495
0.253783 0.321439 0.912289
0.197747 0.295204 0.934746
0.148788 0.261805 0.953583
0.108127 0.223332 0.968727
0.0760433 0.182243 0.980309
0.0519406 0.141044 0.98864
0.0345415 0.10206 0.994178
0.0221998 0.0673046 0.997485
0.0132831 0.0384729 0.999171
0.00659778 0.0169764 0.999834
0.00183691 0.00394143 0.999991
1.38031e-05 2.34728e-05 1
0.00354154 0.00457847 0.999983
0.0152246 0.0144069 0.99978
0.0373261 0.0244499 0.999004
0.0703248 0.0283505 0.997121
0.111907 0.0194649 0.993528
0.156696 -0.00761653 0.987617
0.196956 -0.055494 0.97884
0.22421 -0.122921 0.966758
0.231318 -0.204781 0.951082
0.214348 -0.293205 0.931711
0.173631 -0.379512 0.908748
0.113678 -0.456356 0.882506
0.0421173 -0.519376 0.853507
-0.0318734 -0.56792 0.822466
-0.0991664 -0.604722 0.790239
-0.154004 -0.634521 0.757407
-0.194199 -0.661669 0.724211
-0.218838 -0.689125 0.690809
-0.2277 -0.718411 0.657296
-0.220995 -0.749763 0.623713
-0.199285 -0.782385 0.59005
-0.163525 -0.814761 0.556259
-0.115143 -0.844982 0.522253
-0.0560956 -0.871086 0.487916
0.0111298 -0.891387 0.453107
0.0835953 -0.904749 0.417662
0.158056 -0.910799 0.381398
0.231148 -0.910029 0.344118
0.299578 -0.903799 0.305615
0.360907 -0.893936 0.265753
0.414891 -0.881702 0.22465
0.461798 -0.868011 0.182481
0.501987 -0.853561 0.139437
0.53587 -0.838857 0.0957176
0.563902 -0.824232 0.0515315
0.586561 -0.809874 0.00709322
0.604339 -0.79585 -0.0373799
0.617742 -0.782129 -0.0816698
0.62728 -0.768606 -0.125561
0.633468 -0.755123 -0.168843
0.636823 -0.741487 -0.211312
0.637862 -0.727487 -0.252775
0.637093 -0.712905 -0.293051
0.635016 -0.697525 -0.331985
0.632057 -0.681085 -0.369631
0.628554 -0.663267 -0.406197
0.624772 -0.643738 -0.441883
0.620896 -0.622155 -0.476876
0.617022 -0.598171 -0.511347
0.613141 -0.571444 -0.545444
0.609127 -0.541649 -0.579293
0.604718 -0.508487 -0.61299
0.5995 -0.471715 -0.646595
0.592887 -0.431167 -0.680133
0.584115 -0.386804 -0.713577
0.572232 -0.338763 -0.746854
0.556113 -0.287428 -0.779823
0.534485 -0.233516 -0.812278
0.50607 -0.178623 -0.843793
0.470204 -0.125919 -0.873529
0.427252 -0.0785238 -0.900716
0.378534 -0.0389105 -0.924769
0.326069 -0.00864022 -0.945306
0.272235 0.0117811 -0.962159
0.21941 0.0228955 -0.975364
0.169671 0.0261415 -0.985154
0.124627 0.0235964 -0.991923
0.0853937 0.0176583 -0.996191
0.0527197 0.0107105 -0.998552
0.0272106 0.00477914 -0.999618
0.00957658 0.00116823 -0.999953
0.000785802 3.16049e-05 -1
0.0018858 -0.000136486 -0.999998
0.0125186 -0.00272741 -0.999918
0.0302963 -0.0121771 -0.999467
0.050892 -0.0326715 -0.99817
0.0680579 -0.0667423 -0.995446
0.0744439 -0.114034 -0.990684
0.063121 -0.170704 -0.983299
0.0293723 -0.2298 -0.972795
-0.0278744 -0.282678 -0.95881
-0.105539 -0.321081 -0.941153
-0.197049 -0.339243 -0.919829
-0.293962 -0.335354 -0.895055
-0.387991 -0.311973 -0.867257
-0.472733 -0.275405 -0.837064
-0.544591 -0.234404 -0.80528
-0.603181 -0.19779 -0.772691
-0.65094 -0.17091 -0.73964
-0.690313 -0.156791 -0.706318
-0.72294 -0.15695 -0.672848
-0.749532 -0.171765 -0.639296
-0.769983 -0.200713 -0.605674
-0.783617 -0.242523 -0.571951
-0.7895 -0.29527 -0.538057
-0.786773 -0.356487 -0.50389
-0.774954 -0.423303 -0.469319
-0.754184 -0.49263 -0.434191
-0.725379 -0.56139 -0.39833
-0.690277 -0.62674 -0.361546
-0.651388 -0.68626 -0.323637
-0.611748 -0.738159 -0.284405
-0.573314 -0.782206 -0.243856
-0.536881 -0.819079 -0.202158
-0.50298 -0.849454 -0.159496
-0.471927 -0.873965 -0.116064
-0.443859 -0.893194 -0.0720681
-0.418759 -0.907674 -0.0277199
-0.396488 -0.917887 0.0167642
-0.376807 -0.92427 0.0611661
-0.359398 -0.927228 0.105269
-0.343886 -0.927137 0.148859
-0.329858 -0.924356 0.191729
-0.316879 -0.919228 0.233682
-0.304504 -0.912091 0.274531
-0.292294 -0.903275 0.3141
-0.279813 -0.893071 0.352319
-0.266615 -0.881655 0.389361
-0.252267 -0.869121 0.42543
-0.236362 -0.855493 0.460723
-0.218533 -0.840718 0.495416
-0.19846 -0.82466 0.529669
-0.175887 -0.807092 0.563619
-0.150642 -0.787685 0.597377
-0.122659 -0.766009 0.631019
-0.092013 -0.741523 0.664588
-0.0589533 -0.713587 0.698082
-0.0239538 -0.681475 0.731449
0.0122362 -0.64441 0.764582
0.0485346 -0.60162 0.797307
0.0833971 -0.552477 0.829346
0.114083 -0.497356 0.860013
0.13768 -0.437804 0.888466
0.152202 -0.376003 0.914033
0.156775 -0.314461 0.936235
0.15166 -0.255635 0.954804
0.138124 -0.201587 0.969683
0.118198 -0.153738 0.981017
0.0943776 -0.112771 0.989129
0.0693139 -0.0786992 0.994486
0.0455615 -0.0510813 0.997655
0.0253761 -0.0293546 0.999247
0.0105357 -0.0132242 0.999857
0.00210713 -0.00304587 0.999993
5.28068e-05 -9.49724e-05 1
0.00243233 -0.00611655 0.999978
0.00493333 -0.0218509 0.999749
0.00198784 -0.0465977 0.998912
-0.0121156 -0.0774098 0.996926
-0.0418322 -0.108786 0.993185
-0.0889215 -0.133261 0.987084
-0.15149 -0.142862 0.97808
-0.223977 -0.131039 0.965745
-0.298254 -0.0944456 0.949802
-0.36557 -0.0339246 0.930166
-0.418756 0.0456355 0.906951
-0.453988 0.136504 0.88049
-0.471609 0.229879 0.851317
-0.475903 0.317575 0.82016
-0.473929 0.393245 0.787877
-0.472541 0.454601 0.755012
-0.476456 0.501996 0.721796
-0.488571 0.536122 0.688383
-0.510207 0.557531 0.654865
-0.541378 0.566503 0.621276
-0.581047 0.563119 0.587606
-0.627372 0.547454 0.553803
-0.677955 0.519816 0.519777
-0.730107 0.480956 0.485412
-0.781133 0.432232 0.450562
-0.828609 0.375671 0.415064
-0.870634 0.313938 0.378733
-0.906009 0.250226 0.341372
-0.93432 0.188085 0.302772
-0.955993 0.130404 0.262815
-0.972013 0.0779224 0.221628
-0.983294 0.0308484 0.179389
-0.99061 -0.0107889 0.136289
-0.994595 -0.047106 0.0925288
-0.995755 -0.0783364 0.0483173
-0.994485 -0.104806 0.0038691
-0.991083 -0.126913 -0.0405981
-0.985769 -0.145114 -0.0848663
-0.978704 -0.159906 -0.12872
-0.970006 -0.171816 -0.17195
-0.959766 -0.181389 -0.214352
-0.948057 -0.189177 -0.255735
-0.934945 -0.195732 -0.295918
-0.92049 -0.201589 -0.334754
-0.904671 -0.207248 -0.372315
-0.887377 -0.213156 -0.408811
-0.868449 -0.219703 -0.44444
-0.847678 -0.227217 -0.47939
-0.824808 -0.235949 -0.513829
-0.799537 -0.246054 -0.547904
-0.771514 -0.257577 -0.581739
-0.740349 -0.270429 -0.615427
-0.705621 -0.284362 -0.649028
-0.666895 -0.298936 -0.68256
-0.623757 -0.313492 -0.715996
-0.575856 -0.327119 -0.749255
-0.522975 -0.338626 -0.782195
-0.46512 -0.346534 -0.814603
-0.403148 -0.348892 -0.846018
-0.33955 -0.343574 -0.875593
-0.277217 -0.32942 -0.90257
-0.218931 -0.306418 -0.926379
-0.167007 -0.275605 -0.946652
-0.123013 -0.238838 -0.963236
-0.0875981 -0.198471 -0.976184
-0.0604926 -0.157024 -0.98574
-0.0406535 -0.116915 -0.99231
-0.0265367 -0.080286 -0.996419
-0.0164558 -0.0489537 -0.998665
-0.00899271 -0.0244355 -0.999661
-0.00343995 -0.00797796 -0.999962
-0.000246477 -0.000461568 -1
-0.00134415 -0.00194296 -0.999997
-0.0095111 -0.0102204 -0.999903
-0.0273523 -0.0208802 -0.999408
-0.0561926 -0.0279897 -0.998028
-0.0948922 -0.024857 -0.995177
-0.139245 -0.00539218 -0.990243
-0.18229 0.0342707 -0.982647
-0.215605 0.0944567 -0.971902
-0.231275 0.171491 -0.957655
-0.223934 0.258384 -0.939729
-0.192188 0.346513 -0.918146
-0.138994 0.427772 -0.893136
-0.0709318 0.496487 -0.865141
0.00323479 0.550539 -0.834803
0.0741291 0.591433 -0.802939
0.134206 0.623388 -0.770309
0.180293 0.65114 -0.737232
0.211075 0.678217 -0.703896
0.226106 0.706693 -0.670419
0.225445 0.73728 -0.636862
0.209516 0.769553 -0.603234
0.179112 0.802239 -0.569501
0.135466 0.833541 -0.535592
0.0803239 0.861479 -0.5014
0.0159711 0.884222 -0.466794
-0.0548174 0.900389 -0.431619
-0.128896 0.90929 -0.395698
-0.202924 0.911074 -0.35884
-0.273559 0.906767 -0.320841
-0.337795 0.898136 -0.281509
-0.394626 0.886708 -0.240871
-0.444265 0.873493 -0.199097
-0.487036 0.85927 -0.156372
-0.523334 0.844616 -0.112892
-0.5536 0.829931 -0.0688637
-0.578303 0.815454 -0.0244983
-0.597932 0.801298 0.0199871
-0.612986 0.787467 0.0643746
-0.623975 0.773883 0.108447
-0.631412 0.760406 0.151992
-0.635815 0.746854 0.194803
-0.637699 0.733023 0.236682
-0.637577 0.718694 0.277443
-0.635954 0.703653 0.316914
-0.633297 0.687664 0.35504
-0.629971 0.670424 0.392005
-0.626272 0.651606 0.428012
-0.622416 0.630867 0.463255
-0.618536 0.607864 0.497911
-0.614666 0.58225 0.532138
-0.610727 0.553693 0.566071
-0.606513 0.521882 0.599818
-0.601671 0.486547 0.633454
-0.595685 0.447489 0.667018
-0.587861 0.404614 0.700505
-0.577321 0.357981 0.73386
-0.563003 0.30787 0.76697
-0.543689 0.254857 0.799656
-0.518062 0.200029 0.831625
-0.485125 0.146071 0.862158
-0.444838 0.0962616 0.890423
-0.398168 0.0533623 0.915759
-0.346897 0.019316 0.937704
-0.293308 -0.00495061 0.956005
-0.239819 -0.0195802 0.97062
-0.188653 -0.0256864 0.981708
-0.141613 -0.0251321 0.989603
-0.1 -0.0202295 0.994782
-0.0646852 -0.0134081 0.997816
-0.0362987 -0.00687516 0.999317
-0.0154833 -0.0022639 0.999878
-0.00310042 -0.00023474 0.999995
-0.000243905 5.96909e-06 1
-0.00733599 0.00115059 0.999972
-0.0227189 0.00737362 0.999715
-0.0428592 0.0231221 0.998814
-0.0622093 0.051741 0.996721
-0.0737017 0.0941217 0.992829
-0.0700309 0.147799 0.986535
-0.0454096 0.206923 0.977303
0.00278187 0.263289 0.964713
0.0730744 0.308223 0.948503
0.160112 0.33476 0.928601
0.255952 0.339433 0.905138
0.352007 0.323111 0.878459
0.440975 0.290763 0.849116
0.518116 0.25036 0.817848
0.581698 0.211185 0.785511
0.633371 0.180037 0.752614
0.675779 0.16067 0.71938
0.710911 0.155142 0.685957
0.739836 0.164238 0.652433
0.762746 0.187768 0.61884
0.779151 0.22474 0.585162
0.788181 0.273474 0.551346
0.788908 0.3317 0.5173
0.780669 0.396685 0.482904
0.763338 0.465402 0.448014
0.737514 0.534741 0.412461
0.704618 0.60174 0.376063
0.666868 0.663796 0.338619
0.627173 0.718819 0.299921
0.588152 0.765863 0.259869
0.55086 0.805461 0.2186
0.51592 0.838301 0.176292
0.483727 0.865033 0.133138
0.454484 0.886263 0.0893377
0.428233 0.902542 0.0451017
0.404879 0.91437 0.000644854
0.384219 0.922202 -0.0438152
0.365962 0.926454 -0.0880606
0.349755 0.927513 -0.131876
0.335198 0.925742 -0.175053
0.321861 0.921492 -0.217387
0.309302 0.915102 -0.258689
0.29708 0.906904 -0.298779
0.284758 0.897216 -0.337516
0.271893 0.886259 -0.374993
0.258045 0.874155 -0.411419
0.242796 0.860957 -0.446993
0.225761 0.846643 -0.481901
0.2066 0.831109 -0.516308
0.185031 0.814165 -0.550363
0.160845 0.795523 -0.584184
0.133934 0.774793 -0.617865
0.104311 0.751478 -0.65146
0.0721524 0.724974 -0.684987
0.0378392 0.694587 -0.718413
0.00200586 0.659554 -0.751655
-0.0344026 0.619092 -0.784564
-0.0700696 0.572476 -0.816922
-0.102777 0.519556 -0.848233
-0.129441 0.461506 -0.877643
-0.147681 0.400297 -0.904407
-0.156178 0.33835 -0.92797
-0.154755 0.278187 -0.947978
-0.144307 0.22206 -0.964295
-0.126603 0.171663 -0.976987
-0.103993 0.127969 -0.986311
-0.0791016 0.0912322 -0.992683
-0.054547 0.0611572 -0.996637
-0.0327235 0.0371842 -0.998772
-0.0156187 0.0188653 -0.9997
-0.00461334 0.00626043 -0.99997
-0.000163519 0.000267017 -1
-0.00120948 0.00262006 -0.999996
-0.00427964 0.0145401 -0.999885
-0.0041656 0.0359717 -0.999344
0.00493792 0.0649276 -0.997878
0.0281577 0.0968876 -0.994897
0.0684608 0.125025 -0.989789
0.125445 0.141349 -0.98198
0.194913 0.138518 -0.97099
0.269547 0.111758 -0.95648
0.340575 0.0602241 -0.938287
0.39996 -0.0126859 -0.916445
0.442412 -0.10016 -0.891201
0.466616 -0.193595 -0.863013
0.4754 -0.284395 -0.832535
0.474957 -0.365326 -0.800595
0.472671 -0.43229 -0.767924
0.47407 -0.485069 -0.734824
0.482738 -0.524308 -0.701474
0.50058 -0.550645 -0.66799
0.528091 -0.564466 -0.634428
0.564615 -0.565913 -0.600794
0.608596 -0.555035 -0.567051
0.657824 -0.532021 -0.533125
0.709689 -0.497426 -0.498908
0.761465 -0.452359 -0.464267
0.81059 -0.39858 -0.429043
0.854933 -0.338516 -0.393061
0.893003 -0.275172 -0.356127
0.924076 -0.211979 -0.318037
0.948241 -0.152374 -0.278606
0.966356 -0.097822 -0.23788
0.979392 -0.0486192 -0.196031
0.988176 -0.00486104 -0.153244
0.993398 0.033516 -0.109718
0.99561 0.0667026 -0.0656576
0.995251 0.0949911 -0.0212762
0.992652 0.118754 0.0232095
0.988064 0.138426 0.0675815
0.981668 0.154491 0.111623
0.973598 0.167464 0.155121
0.963952 0.177886 0.197871
0.952809 0.186307 0.239675
0.940238 0.193279 0.280348
0.926304 0.199347 0.31972
0.911029 0.205028 0.357755
0.894329 0.210788 0.394644
0.876063 0.217042 0.430589
0.85604 0.224144 0.465784
0.834025 0.232375 0.500404
0.809733 0.24193 0.534605
0.782831 0.252901 0.568521
0.752945 0.265254 0.602258
0.719662 0.278805 0.635888
0.682552 0.293194 0.669447
0.641187 0.307851 0.702927
0.595185 0.321967 0.736269
0.544267 0.334463 0.769355
0.488338 0.343975 0.802002
0.427747 0.348782 0.833897
0.364447 0.346669 0.864291
0.301273 0.336037 0.892364
0.241095 0.316427 0.917468
0.186448 0.288489 0.939155
0.139221 0.253791 0.957187
0.100432 0.214535 0.971539
0.0701617 0.173212 0.982382
0.0476426 0.132307 0.990063
0.0314883 0.0940815 0.995066
0.0200214 0.0604804 0.997969
0.0116675 0.0331323 0.999383
0.00538728 0.0133909 0.999896
0.00112575 0.00230556 0.999997
0.00022864 0.000367492 1
0.00529309 0.00641609 0.999965
0.0190903 0.0167761 0.999677
0.0436047 0.0260546 0.998709
0.0787741 0.0277237 0.996507
0.12161 0.0152683 0.99246
0.166128 -0.0162353 0.98597
0.204269 -0.0686099 0.976508
0.227665 -0.139729 0.963662
0.229734 -0.223747 0.947185
0.207421 -0.312435 0.927017
0.162009 -0.397227 0.903307
0.0988054 -0.471312 0.876415
0.0259123 -0.531112 0.846905
-0.0473609 -0.576772 0.815531
-0.11225 -0.611626 0.783143
-0.164034 -0.640523 0.750215
-0.200895 -0.667537 0.716963
-0.222105 -0.69531 0.683531
-0.227553 -0.725064 0.650001
-0.217526 -0.75679 0.616402
-0.192665 -0.789507 0.582717
-0.154022 -0.821584 0.548888
-0.103136 -0.851071 0.514821
-0.0420822 -0.876042 0.480395
0.0265456 -0.894907 0.445462
0.0997282 -0.906683 0.409855
0.174178 -0.911177 0.373387
0.246531 -0.909077 0.335859
0.313545 -0.901911 0.297064
0.37326 -0.891443 0.256918
0.425679 -0.878822 0.215567
0.471093 -0.864914 0.173191
0.509874 -0.850372 0.129983
0.542446 -0.835662 0.0861443
0.569268 -0.821084 0.041885
0.590824 -0.806797 -0.00257941
0.607608 -0.792844 -0.0470312
0.620126 -0.779177 -0.0912527
0.628892 -0.765677 -0.135029
0.634421 -0.752179 -0.178151
0.637229 -0.738482 -0.220417
0.637831 -0.724374 -0.261637
0.636736 -0.709637 -0.301632
0.634435 -0.694052 -0.340271
0.631332 -0.67734 -0.377665
0.627748 -0.659179 -0.414023
0.623933 -0.639233 -0.449543
0.620053 -0.617157 -0.484409
0.616181 -0.592606 -0.518786
0.612287 -0.565239 -0.55282
0.608214 -0.534736 -0.586629
0.60367 -0.500808 -0.620302
0.598204 -0.463225 -0.653892
0.591194 -0.421846 -0.687413
0.581833 -0.376664 -0.720829
0.56913 -0.327864 -0.754053
0.551925 -0.275895 -0.786931
0.528923 -0.221569 -0.819236
0.49891 -0.166865 -0.850438
0.461437 -0.115067 -0.879679
0.417091 -0.0691809 -0.906228
0.367368 -0.0315011 -0.929542
0.314398 -0.00336619 -0.949285
0.260588 0.0149516 -0.965334
0.208271 0.0242065 -0.977772
0.159434 0.0260007 -0.986866
0.115574 0.0225093 -0.993044
0.0777113 0.016156 -0.996845
0.0465434 0.00927582 -0.998873
0.0226782 0.00377052 -0.999736
0.00687485 0.000733413 -0.999976
0.000156319 2.88797e-06 -1
0.0034423 -0.000348128 -0.999994
0.0158929 -0.00404051 -0.999866
0.034723 -0.0155705 -0.999276
0.0551609 -0.0388844 -0.99772
0.0706211 -0.0759767 -0.994606
0.0736976 -0.125755 -0.98932
0.0577921 -0.183629 -0.981295
0.018883 -0.24213 -0.97006
-0.043203 -0.292508 -0.955287
-0.124531 -0.326881 -0.936825
-0.217959 -0.340251 -0.914726
-0.314908 -0.331762 -0.889251
-0.407373 -0.304871 -0.860872
-0.489519 -0.266538 -0.830258
-0.558391 -0.225835 -0.798247
-0.614391 -0.190987 -0.765538
-0.660142 -0.166682 -0.732414
-0.697941 -0.155582 -0.699051
-0.729227 -0.15893 -0.66556
-0.754517 -0.176889 -0.631993
-0.773557 -0.208765 -0.598353
-0.785588 -0.253137 -0.5646
-0.789664 -0.307952 -0.530657
-0.784983 -0.370641 -0.496414
-0.771182 -0.438268 -0.461736
-0.748558 -0.507729 -0.426463
-0.718208 -0.575978 -0.390419
-0.682045 -0.640248 -0.353408
-0.64273 -0.698234 -0.315226
-0.603258 -0.74838 -0.275696
-0.565201 -0.790808 -0.234883
-0.529282 -0.826213 -0.192959
-0.49598 -0.85526 -0.150113
-0.46557 -0.878575 -0.106541
-0.438153 -0.896729 -0.0624497
-0.413684 -0.910242 -0.0180535
-0.391999 -0.919586 0.0264313
-0.372841 -0.925191 0.0707866
-0.355878 -0.927455 0.114796
-0.340725 -0.92675 0.158247
-0.326962 -0.923429 0.200934
-0.314152 -0.917836 0.242663
-0.301851 -0.910306 0.283247
-0.289619 -0.901167 0.322519
-0.27702 -0.890688 0.360464
-0.263608 -0.879023 0.397278
-0.248955 -0.866252 0.433162
-0.232662 -0.852382 0.46831
-0.21437 -0.837343 0.502894
-0.193773 -0.820979 0.537071
-0.17063 -0.803043 0.570971
-0.144791 -0.783183 0.604698
-0.116218 -0.760946 0.638322
-0.0850188 -0.735767 0.671877
-0.0514885 -0.706988 0.705349
-0.0161559 -0.673866 0.738677
0.0201623 -0.63562 0.771739
0.0563041 -0.59149 0.804344
0.0905355 -0.540961 0.83616
0.1199 -0.48472 0.866413
0.141656 -0.424476 0.894289
0.15405 -0.362515 0.919158
0.156458 -0.301363 0.940586
0.149373 -0.243419 0.95835
0.134254 -0.190623 0.97244
0.11326 -0.144237 0.98304
0.0889435 -0.104788 0.990509
0.0639551 -0.0721664 0.99534
0.0407999 -0.045874 0.998114
0.0216454 -0.0253721 0.999444
0.00813873 -0.0104764 0.999912
0.00114767 -0.00172668 0.999998
0.000312806 -0.000597944 1
0.00314551 -0.00870723 0.999957
0.00495991 -0.0265265 0.999636
5.45633e-05 -0.0529316 0.998598
-0.0171365 -0.0844177 0.996283
-0.0505968 -0.114973 0.992079
-0.101346 -0.136875 0.98539
-0.166656 -0.142289 0.975694
-0.24028 -0.12523 0.962592
-0.313766 -0.0832124 0.945847
-0.378526 -0.0180141 0.925415
-0.427996 0.0647276 0.90146
-0.459224 0.156891 0.874356
-0.473464 0.249681 0.844684
-0.475735 0.335213 0.813209
-0.473385 0.407801 0.780772
-0.472815 0.466069 0.747814
-0.478324 0.510521 0.714545
-0.492446 0.541844 0.681103
-0.516193 0.560535 0.647568
-0.549331 0.566818 0.613965
-0.590628 0.560753 0.580272
-0.638097 0.542447 0.546428
-0.689254 0.512286 0.51234
-0.741385 0.471144 0.477882
-0.791831 0.420521 0.442906
-0.838262 0.362588 0.407243
-0.878917 0.300138 0.370706
-0.912764 0.236457 0.333093
-0.939564 0.175122 0.294199
-0.959923 0.118543 0.25396
-0.97484 0.0672254 0.212528
-0.985198 0.0213363 0.170086
-0.991741 -0.0191301 0.126825
-0.995072 -0.054318 0.0829487
-0.995674 -0.0844828 0.0386673
-0.993918 -0.109968 -0.0058036
-0.990084 -0.131186 -0.050246
-0.984377 -0.148602 -0.0944424
-0.976949 -0.162722 -0.138178
-0.967909 -0.174077 -0.181245
-0.957343 -0.183215 -0.223442
-0.945323 -0.190688 -0.264579
-0.931915 -0.197046 -0.304479
-0.91717 -0.20282 -0.34302
-0.901042 -0.208497 -0.380332
-0.883408 -0.214512 -0.416623
-0.864098 -0.221244 -0.45209
-0.842894 -0.229005 -0.486915
-0.81953 -0.238025 -0.521263
-0.793692 -0.248439 -0.555276
-0.76502 -0.260264 -0.589073
-0.733118 -0.273378 -0.622738
-0.697557 -0.287495 -0.656323
-0.657906 -0.30213 -0.689839
-0.613759 -0.31657 -0.723245
-0.564788 -0.329847 -0.756449
-0.510815 -0.340708 -0.789294
-0.451927 -0.347601 -0.821544
-0.389362 -0.348446 -0.852633
-0.325792 -0.341267 -0.881701
-0.264113 -0.325152 -0.908031
-0.207035 -0.30033 -0.931095
-0.156732 -0.268043 -0.950573
-0.11458 -0.230282 -0.966355
-0.0810244 -0.189466 -0.978539
-0.0556095 -0.148112 -0.987406
-0.0371566 -0.108588 -0.993392
-0.0240579 -0.0729675 -0.997044
-0.0146491 -0.0429968 -0.998968
-0.00762835 -0.0201347 -0.999768
-0.00250217 -0.00556322 -0.999981
-2.61526e-05 -4.64593e-05 -1
-0.00242027 -0.00329029 -0.999992
-0.0124921 -0.0125196 -0.999844
-0.0326812 -0.0229548 -0.999202
-0.0638638 -0.0284104 -0.997554
-0.104257 -0.0221933 -0.994303
-0.148994 0.00143981 -0.988837
-0.190656 0.0456751 -0.980594
-0.220749 0.109969 -0.969111
-0.231752 0.189829 -0.954073
-0.219072 0.27774 -0.935344
-0.182269 0.365007 -0.912989
-0.125183 0.443908 -0.887285
-0.0550038 0.509485 -0.85872
0.0192435 0.560435 -0.827975
0.0882671 0.598965 -0.795896
0.145478 0.629635 -0.763149
0.188312 0.656989 -0.730002
0.215686 0.684244 -0.696628
0.227288 0.713161 -0.66313
0.22326 0.744185 -0.629558
0.204103 0.77668 -0.595912
0.170698 0.809229 -0.562148
0.124385 0.839968 -0.528187
0.0670288 0.866921 -0.493917
0.00102578 0.888331 -0.459202
-0.0707552 0.902951 -0.42388
-0.14511 0.910262 -0.387772
-0.218681 0.910604 -0.350683
-0.28815 0.905191 -0.312408
-0.350775 0.895851 -0.27278
-0.406019 0.883957 -0.23188
-0.454134 0.870463 -0.189883
-0.495463 0.856104 -0.146977
-0.530411 0.841416 -0.10336
-0.559427 0.82676 -0.0592403
-0.582985 0.812348 -0.0148303
-0.601576 0.798265 0.0296524
-0.615703 0.784497 0.0739898
-0.625876 0.770949 0.117966
-0.63261 0.757473 0.161368
-0.636421 0.743879 0.203993
-0.637825 0.729957 0.245644
-0.637335 0.715492 0.286139
-0.635451 0.700268 0.325312
-0.632619 0.684034 0.363168
-0.62919 0.666479 0.399907
-0.625441 0.647272 0.435732
-0.621572 0.626071 0.470833
-0.617694 0.602529 0.505383
-0.61382 0.576304 0.539535
-0.609844 0.547065 0.57342
-0.605529 0.514508 0.607137
-0.600489 0.478378 0.640756
-0.594168 0.438494 0.674305
-0.585835 0.39479 0.70777
-0.574569 0.347369 0.741084
-0.559274 0.296566 0.774119
-0.5387 0.243033 0.806682
-0.511541 0.188107 0.838416
-0.476974 0.134785 0.868521
-0.435184 0.0862664 0.896199
-0.38734 0.0451594 0.92083
-0.335361 0.0131975 0.941997
-0.28159 -0.00892607 0.959493
-0.228428 -0.0215781 0.973322
-0.178023 -0.0260574 0.983681
-0.132069 -0.0243519 0.990941
-0.0917638 -0.0188279 0.995603
-0.0579048 -0.0118957 0.998251
-0.0311044 -0.00566853 0.9995
-0.012039 -0.00160454 0.999926
-0.00162984 -9.2191e-05 0.999999
-0.00096838 4.8879e-05 1
-0.010066 0.00191318 0.999948
-0.0268535 0.00984456 0.999591
-0.0473596 0.0281717 0.998481
-0.0656354 0.0598131 0.996049
-0.0744288 0.104983 0.991685
-0.0666089 0.160446 0.984795
-0.0369527 0.219717 0.974863
0.0163136 0.27431 0.961503
0.0908176 0.315739 0.94449
0.180499 0.337674 0.923795
0.277098 0.337556 0.899596
0.372158 0.317203 0.872284
0.458857 0.28235 0.842454
0.533088 0.24143 0.810882
0.593848 0.203571 0.778398
0.643297 0.174731 0.745411
0.683985 0.158247 0.712125
0.717709 0.155868 0.678675
0.745338 0.168148 0.645134
0.766893 0.194711 0.611525
0.781777 0.234405 0.577823
0.789076 0.285413 0.543965
0.787895 0.345355 0.509854
0.777668 0.411415 0.475364
0.758411 0.48053 0.440345
0.730901 0.549602 0.404625
0.696733 0.615732 0.368017
0.658293 0.676417 0.330319
0.618583 0.729714 0.291327
0.579872 0.77508 0.250998
0.543047 0.813151 0.209489
0.508677 0.844609 0.166983
0.477114 0.870096 0.123672
0.448524 0.890205 0.079761
0.422915 0.905475 0.0354601
0.400168 0.916398 -0.00901491
0.380057 0.923418 -0.0534462
0.362278 0.926944 -0.0976163
0.346465 0.927358 -0.141311
0.33221 0.92502 -0.184323
0.319081 0.920276 -0.226452
0.306632 0.913464 -0.267509
0.294425 0.904915 -0.307317
0.282022 0.894935 -0.345768
0.26898 0.883717 -0.383006
0.25486 0.871371 -0.419237
0.239253 0.857931 -0.454657
0.221783 0.843358 -0.489448
0.202119 0.827533 -0.523772
0.179996 0.810244 -0.557769
0.155223 0.791182 -0.591555
0.127716 0.769933 -0.625213
0.0975216 0.745978 -0.658791
0.0648559 0.718693 -0.692296
0.03015 0.687366 -0.725685
-0.0058992 0.651226 -0.758861
-0.0422724 0.609496 -0.791661
-0.0775425 0.561492 -0.823841
-0.10919 0.507343 -0.854799
-0.134201 0.448441 -0.88368
-0.15041 0.38688 -0.909781
-0.156744 0.325132 -0.932588
-0.153269 0.26569 -0.951797
-0.141089 0.210702 -0.967315
-0.122122 0.161714 -0.979252
-0.0988013 0.119536 -0.987902
-0.0737695 0.0842844 -0.993707
-0.0496114 0.0555776 -0.997221
-0.0286464 0.0328454 -0.99905
-0.0127496 0.0157152 -0.999795
-0.00313589 0.00440152 -0.999985
-3.29668e-06 5.66874e-06 -1
-0.00183472 0.00430325 -0.999989
-0.00468026 0.0182507 -0.999822
-0.00312766 0.041463 -0.999135
0.00859366 0.0714455 -0.997407
0.0352673 0.103146 -0.994041
0.0792242 0.129377 -0.988426
0.139261 0.142134 -0.980002
0.210436 0.134476 -0.968314
0.284971 0.102383 -0.953053
0.35408 0.0459186 -0.934087
0.410175 -0.0307029 -0.91149
0.448748 -0.120155 -0.885544
0.469389 -0.213709 -0.85674
0.47573 -0.30298 -0.825763
0.474481 -0.38118 -0.793454
0.472777 -0.445203 -0.760445
0.475677 -0.495175 -0.727003
0.486381 -0.531749 -0.693309
0.506465 -0.555496 -0.659483
0.536151 -0.566726 -0.625591
0.574563 -0.565532 -0.591651
0.61997 -0.551972 -0.557642
0.670039 -0.526297 -0.523507
0.722097 -0.489183 -0.489158
0.773421 -0.441889 -0.454483
0.821514 -0.386345 -0.419347
0.864373 -0.325135 -0.383596
0.900679 -0.261388 -0.347063
0.929902 -0.19862 -0.309568
0.952349 -0.140026 -0.270967
0.96902 -0.0866135 -0.231298
0.980897 -0.0386142 -0.190655
0.988808 0.0039316 -0.149139
0.993423 0.0411345 -0.10686
0.995264 0.0732223 -0.063934
0.994725 0.100513 -0.0204835
0.992082 0.123396 0.0233638
0.98752 0.142309 0.0674761
0.981142 0.157731 0.111718
0.972997 0.170167 0.155952
0.963087 0.180136 0.200039
0.951387 0.188162 0.24384
0.937855 0.194767 0.287219
0.922438 0.200454 0.330038
0.905084 0.205704 0.372167
0.885738 0.210959 0.413478
0.864348 0.216619 0.453848
0.840863 0.223026 0.493163
0.815228 0.230456 0.531313
0.787386 0.239112 0.568198
0.757268 0.249113 0.603729
0.724797 0.260482 0.637823
0.689885 0.273147 0.67041
0.652434 0.286925 0.70143
0.612347 0.301522 0.730833
0.569533 0.316523 0.758581
0.523932 0.331397 0.784647
